,Date,BAJFINANCE.NS,TITAN.NS,RELIANCE.NS,NESTLEIND.NS,BAJAJFINSV.NS,ASIANPAINT.NS,HINDUNILVR.NS,JSWSTEEL.NS,HDFCBANK.NS,DIVISLAB.NS,KOTAKBANK.NS,TCS.NS,BRITANNIA.NS,INFY.NS,HCLTECH.NS
0,2021-01-01,5280.149902,1558.599976,1987.5,18450.699219,8870.450195,2775.550049,2387.550049,389.700012,1425.050049,3849.0500490000004,1994.050049,2928.25,3567.8000490000004,1260.449951,950.5
1,2021-01-04,5216.200195,1550.900024,1990.8499760000002,18377.949219,8898.75,2753.699951,2426.5,403.100006,1416.0,3862.25,1965.550049,3039.449951,3552.899902,1288.25,980.400024
2,2021-01-05,5119.0,1570.949951,1966.0999760000002,18558.25,8820.849609,2793.850098,2450.550049,395.25,1426.699951,3842.100098,1959.75,3093.0,3551.100098,1293.800049,991.349976
3,2021-01-06,5030.299805,1572.599976,1914.25,18515.25,8786.349609,2805.350098,2417.300049,401.700012,1420.550049,3879.850098,1970.4000239999998,3051.5,3539.6999509999996,1282.099976,978.2000119999999
4,2021-01-07,5081.0,1542.349976,1911.1500239999998,18127.300781,8988.0,2792.25,2368.850098,405.399994,1416.25,3803.0500490000004,1952.4000239999998,3032.800049,3552.8000490000004,1262.150024,962.5499880000001
5,2021-01-08,5082.0,1548.599976,1933.699951,18306.25,9171.599609,2844.699951,2391.199951,402.850006,1431.650024,3859.149902,1970.699951,3120.899902,3575.25,1312.099976,994.650024
6,2021-01-11,4984.25,1563.900024,1897.25,18391.449219,8986.099609,2849.300049,2429.100098,399.049988,1451.449951,3822.399902,1938.1500239999998,3176.449951,3612.850098,1376.199951,1055.099976
7,2021-01-12,5042.200195,1527.099976,1957.050049,17999.099609,8959.0,2720.550049,2375.899902,399.549988,1481.0,3767.5,1903.449951,3174.850098,3631.649902,1371.75,1062.099976
8,2021-01-13,4902.899902,1505.800049,1938.800049,18019.300781,8793.650391,2703.699951,2372.350098,402.950012,1470.650024,3719.399902,1882.0999760000002,3158.949951,3621.149902,1387.150024,1055.949951
9,2021-01-14,4877.350098,1489.949951,1960.5999760000002,18132.599609,8747.349609,2663.899902,2398.550049,396.399994,1468.75,3724.6999509999996,1892.6500239999998,3250.699951,3665.4499509999996,1370.5,1027.699951
10,2021-01-15,4883.600098,1477.25,1937.449951,17834.0,8636.099609,2590.899902,2351.149902,394.200012,1466.650024,3644.8000490000004,1863.9000239999998,3233.350098,3609.0500490000004,1344.949951,989.7999880000001
11,2021-01-18,4719.850098,1503.550049,1983.949951,17630.699219,8354.599609,2588.199951,2332.600098,383.100006,1483.099976,3565.3000490000004,1846.949951,3221.75,3607.850098,1312.050049,981.5
12,2021-01-19,4959.149902,1519.900024,2016.4000239999998,17754.699219,8924.150391,2645.050049,2363.149902,395.399994,1503.849976,3599.4499509999996,1887.0,3260.699951,3601.25,1316.650024,983.849976
13,2021-01-20,4981.950195,1531.300049,2054.699951,17681.300781,8938.25,2697.25,2355.949951,400.899994,1492.0,3605.6999509999996,1883.5999760000002,3308.800049,3592.3000490000004,1339.449951,999.25
14,2021-01-21,5118.299805,1517.300049,2099.399902,17716.300781,9052.799805,2716.350098,2367.649902,393.299988,1474.800049,3604.600098,1857.800049,3273.850098,3630.8000490000004,1339.699951,993.2999880000001
15,2021-01-22,4972.549805,1491.199951,2049.600098,17589.599609,9071.0,2596.649902,2409.350098,375.399994,1443.550049,3544.6999509999996,1828.0,3303.100098,3608.0,1340.849976,985.7999880000001
16,2021-01-25,4908.700195,1499.849976,1941.0,17415.25,9198.900391,2513.949951,2399.600098,382.450012,1462.849976,3569.0500490000004,1794.4000239999998,3291.300049,3613.5500490000004,1325.099976,947.5
17,2021-01-27,4845.0,1440.699951,1895.0,17538.099609,9126.099609,2436.600098,2391.300049,376.25,1409.599976,3483.0500490000004,1764.699951,3261.050049,3610.75,1301.0,955.5
18,2021-01-28,4810.25,1450.099976,1876.550049,17387.650391,8955.299805,2441.699951,2300.399902,376.299988,1371.449951,3429.75,1722.8499760000002,3196.550049,3603.75,1276.199951,933.9500119999999
19,2021-01-29,4734.549805,1420.300049,1841.949951,17060.0,8722.75,2407.350098,2263.899902,366.850006,1390.5,3369.850098,1712.949951,3111.350098,3501.100098,1239.050049,914.0
20,2021-02-01,5058.600098,1501.550049,1895.300049,17087.699219,9721.799805,2447.800049,2248.600098,380.850006,1476.75,3463.600098,1801.5,3139.350098,3520.75,1260.900024,928.349976
21,2021-02-02,5173.200195,1485.449951,1925.800049,17190.300781,9476.299805,2463.649902,2230.449951,389.0,1560.550049,3548.600098,1861.300049,3203.449951,3501.25,1271.25,954.650024
22,2021-02-03,5245.100098,1525.150024,1930.6500239999998,17166.400391,9536.049805,2453.649902,2232.850098,392.899994,1574.800049,3680.25,1852.199951,3200.050049,3516.5,1284.650024,959.900024
23,2021-02-04,5504.850098,1513.599976,1924.300049,17074.0,9700.549805,2401.800049,2245.600098,400.299988,1579.099976,3678.899902,1910.4000239999998,3188.449951,3580.0,1279.349976,957.650024
24,2021-02-05,5538.549805,1509.449951,1923.75,17115.75,9722.200195,2376.75,2269.550049,402.200012,1597.599976,3822.4499509999996,1982.699951,3157.949951,3541.649902,1272.099976,946.150024
25,2021-02-08,5497.700195,1541.699951,1951.449951,17218.199219,10021.049805,2416.850098,2236.649902,417.649994,1605.25,3781.850098,1957.1500239999998,3214.100098,3473.6999509999996,1303.550049,957.75
26,2021-02-09,5400.299805,1559.900024,1956.1500239999998,17318.949219,9941.650391,2506.850098,2216.25,406.450012,1611.849976,3722.75,1949.1500239999998,3176.899902,3462.399902,1305.550049,951.599976
27,2021-02-10,5475.899902,1563.150024,1974.300049,17177.349609,10227.950195,2510.600098,2235.5,410.75,1581.75,3750.350098,1952.050049,3213.300049,3424.850098,1296.5,959.4500119999999
28,2021-02-11,5567.049805,1524.699951,2055.699951,17412.25,10216.650391,2505.5,2263.0,408.850006,1572.349976,3753.850098,1961.0,3206.0,3462.75,1292.650024,970.400024
29,2021-02-12,5577.450195,1494.199951,2041.5999760000002,17294.300781,10278.799805,2486.100098,2241.550049,403.799988,1581.949951,3719.399902,1951.050049,3190.800049,3421.25,1309.800049,960.400024
30,2021-02-15,5779.850098,1484.75,2032.5999760000002,17479.849609,10537.700195,2456.75,2215.199951,403.700012,1616.599976,3711.0500490000004,1985.949951,3139.850098,3417.0,1309.650024,954.650024
31,2021-02-16,5760.25,1471.849976,2059.5,17217.25,10460.599609,2450.25,2196.100098,407.649994,1626.650024,3686.5,2019.6500239999998,3108.800049,3389.4499509999996,1290.400024,952.2999880000001
32,2021-02-17,5705.149902,1460.400024,2083.25,16741.199219,10185.650391,2388.149902,2163.899902,408.700012,1586.5,3615.25,1989.449951,3073.100098,3364.0,1281.300049,943.2000119999999
33,2021-02-18,5563.350098,1433.0,2067.699951,16364.700195,10198.950195,2470.75,2146.850098,407.649994,1554.300049,3587.649902,1945.449951,3057.350098,3359.4499509999996,1292.449951,948.099976
34,2021-02-19,5497.950195,1425.550049,2080.300049,16376.400391,10250.450195,2416.449951,2181.100098,395.649994,1539.099976,3523.1999509999996,1938.75,3071.850098,3331.199951,1291.300049,950.150024
35,2021-02-22,5376.850098,1405.25,2008.0999760000002,16096.299805,10000.599609,2387.050049,2167.600098,406.100006,1548.0,3496.649902,1949.5999760000002,2958.449951,3341.199951,1265.199951,920.150024
36,2021-02-23,5383.700195,1424.050049,2023.449951,16169.950195,10008.650391,2372.199951,2179.25,412.600006,1529.150024,3448.25,1872.949951,2980.199951,3335.949951,1266.349976,909.9500119999999
37,2021-02-24,5562.899902,1451.849976,2061.0,16346.150391,10199.599609,2361.350098,2178.850098,408.100006,1606.449951,3480.0500490000004,1911.199951,2948.100098,3405.5500490000004,1274.300049,916.0
38,2021-02-25,5529.950195,1434.449951,2144.350098,16113.900391,10264.450195,2373.75,2163.300049,421.75,1606.400024,3440.0500490000004,1895.5,2995.300049,3405.0,1274.550049,929.25
39,2021-02-26,5264.899902,1406.900024,2085.800049,16101.599609,9648.599609,2277.199951,2132.050049,395.450012,1534.400024,3363.100098,1780.3499760000002,2894.300049,3363.75,1253.300049,909.4500119999999
40,2021-03-01,5266.799805,1452.150024,2101.699951,16292.450195,9774.049805,2362.300049,2143.399902,405.100006,1558.900024,3461.5500490000004,1845.4000239999998,2924.199951,3411.8000490000004,1267.0,930.349976
41,2021-03-02,5316.299805,1471.150024,2106.0,16576.150391,9877.0,2390.399902,2177.949951,413.299988,1568.199951,3516.899902,1844.6500239999998,3006.350098,3447.9499509999996,1304.5,953.75
42,2021-03-03,5542.899902,1474.599976,2202.100098,16699.25,10395.599609,2402.100098,2193.5,428.14999400000005,1586.849976,3565.149902,1899.5,3059.100098,3481.149902,1343.550049,965.25
43,2021-03-04,5485.899902,1470.5,2175.850098,16661.800781,10129.950195,2417.100098,2196.899902,414.100006,1552.050049,3553.4499509999996,1897.699951,3049.699951,3501.899902,1330.349976,958.0
44,2021-03-05,5444.899902,1474.199951,2178.699951,16782.900391,9958.099609,2387.100098,2201.100098,406.399994,1530.0,3496.899902,1922.5,3008.050049,3491.75,1316.699951,941.5
45,2021-03-08,5320.649902,1456.75,2191.100098,16852.449219,9839.099609,2382.699951,2174.550049,407.850006,1519.5,3507.6999509999996,1915.8499760000002,3006.949951,3463.1999509999996,1335.75,961.900024
46,2021-03-09,5415.049805,1456.900024,2191.050049,16910.800781,9969.150391,2422.699951,2198.5,401.600006,1562.5,3503.1999509999996,1978.949951,3050.949951,3426.75,1345.550049,973.150024
47,2021-03-10,5545.049805,1471.25,2181.949951,16931.449219,9991.450195,2431.949951,2227.850098,414.0,1555.75,3528.100098,1963.949951,3070.949951,3480.350098,1368.150024,988.5
48,2021-03-12,5557.850098,1482.5,2137.600098,16722.449219,9934.099609,2401.350098,2204.75,418.75,1551.949951,3512.0500490000004,1935.1500239999998,3057.949951,3434.25,1374.849976,979.25
49,2021-03-15,5439.049805,1492.199951,2108.899902,16833.050781,9689.049805,2355.0,2210.850098,429.64999400000005,1528.650024,3411.0,1918.6500239999998,3066.149902,3450.399902,1373.599976,992.349976
50,2021-03-16,5455.950195,1500.949951,2100.600098,16741.949219,9613.299805,2468.600098,2244.050049,425.950012,1512.150024,3378.25,1903.199951,3110.050049,3489.100098,1384.0,1007.25
51,2021-03-17,5359.799805,1472.550049,2055.350098,16455.75,9525.099609,2422.949951,2226.300049,422.5,1495.349976,3378.3000490000004,1868.3499760000002,3112.949951,3467.899902,1387.0,987.4500119999999
52,2021-03-18,5371.850098,1468.199951,2009.0999760000002,16201.25,9430.150391,2404.550049,2215.199951,423.14999400000005,1491.0,3272.899902,1830.4000239999998,3036.5,3439.649902,1337.099976,947.75
53,2021-03-19,5453.25,1465.449951,2082.0,16450.849609,9440.650391,2411.25,2312.050049,440.549988,1497.5,3370.3000490000004,1834.1500239999998,3050.199951,3466.600098,1344.449951,960.4500119999999
54,2021-03-22,5389.350098,1460.300049,2062.399902,16588.050781,9405.849609,2425.699951,2353.199951,445.299988,1469.150024,3405.9499509999996,1822.6500239999998,3129.649902,3564.399902,1370.800049,978.75
55,2021-03-23,5378.799805,1495.349976,2087.5,16681.349609,9405.200195,2410.300049,2337.300049,441.799988,1500.150024,3495.9499509999996,1812.6500239999998,3142.600098,3568.399902,1371.550049,980.849976
56,2021-03-24,5270.299805,1488.150024,2047.300049,16448.099609,9202.049805,2443.550049,2318.600098,437.35000599999995,1478.800049,3481.149902,1782.449951,3121.100098,3537.75,1353.75,975.650024
57,2021-03-25,5122.200195,1450.849976,1991.449951,16170.099609,9057.549805,2402.199951,2237.050049,438.0,1463.349976,3450.1999509999996,1762.9000239999998,3064.850098,3443.850098,1333.800049,957.0499880000001
58,2021-03-26,5183.049805,1505.849976,1994.6500239999998,16571.75,9467.450195,2505.149902,2317.899902,445.200012,1491.300049,3464.9499509999996,1771.050049,3066.800049,3504.600098,1336.199951,958.5499880000001
59,2021-03-30,5193.549805,1552.199951,2029.300049,17165.0,9502.349609,2578.050049,2398.75,467.450012,1553.699951,3584.25,1781.25,3158.550049,3616.0,1385.300049,995.7999880000001
60,2021-03-31,5149.850098,1558.050049,2003.0999760000002,17165.199219,9668.599609,2537.399902,2431.5,468.450012,1493.650024,3622.8000490000004,1753.0,3177.850098,3625.0500490000004,1368.050049,982.650024
61,2021-04-01,5272.149902,1559.349976,2021.8499760000002,17083.150391,9789.5,2551.75,2399.100098,508.75,1486.75,3616.100098,1804.550049,3165.0,3618.5,1385.199951,1002.599976
62,2021-04-05,4962.5,1535.0,1992.5999760000002,16880.550781,9481.650391,2510.649902,2373.199951,517.5,1449.599976,3611.0500490000004,1759.199951,3238.899902,3700.350098,1409.900024,1033.5
63,2021-04-06,4993.100098,1525.5,1984.300049,17081.699219,9519.5,2611.600098,2408.300049,537.450012,1440.25,3688.100098,1768.300049,3264.699951,3730.600098,1411.050049,1028.400024
64,2021-04-07,5077.100098,1514.099976,2002.8499760000002,17409.849609,9539.599609,2628.600098,2405.25,562.299988,1447.199951,3698.9499509999996,1792.0,3271.399902,3808.5500490000004,1430.199951,1037.199951
65,2021-04-08,5029.5,1571.300049,2005.3499760000002,17689.900391,9654.799805,2650.649902,2409.899902,614.099976,1432.800049,3715.149902,1783.25,3317.350098,3816.75,1439.849976,1037.5
66,2021-04-09,4872.299805,1592.0,1982.050049,17592.400391,9629.049805,2630.800049,2476.0,621.0,1421.75,3752.350098,1799.25,3322.25,3797.6999509999996,1441.050049,1045.400024
67,2021-04-12,4511.0,1510.449951,1911.1500239999998,17501.699219,9163.150391,2602.199951,2462.0,604.150024,1367.050049,3779.649902,1742.5,3246.550049,3812.75,1425.75,1009.400024
68,2021-04-13,4728.75,1530.599976,1931.800049,17168.849609,9806.700195,2570.699951,2454.399902,630.349976,1400.349976,3718.4499509999996,1775.8499760000002,3104.050049,3746.0,1397.150024,983.400024
69,2021-04-15,4660.299805,1538.550049,1944.300049,16875.650391,9739.700195,2587.699951,2460.649902,629.099976,1430.099976,3783.399902,1773.25,3218.949951,3692.6999509999996,1360.75,991.900024
70,2021-04-16,4616.600098,1549.050049,1932.0999760000002,17252.099609,9824.75,2663.699951,2458.899902,619.400024,1428.650024,3821.850098,1764.0999760000002,3195.149902,3696.5,1353.75,1012.75
71,2021-04-19,4479.600098,1518.699951,1901.699951,17089.949219,9469.900391,2571.899902,2436.649902,615.799988,1412.400024,3807.100098,1700.75,3161.800049,3742.8000490000004,1362.550049,994.599976
72,2021-04-20,4613.649902,1522.900024,1901.1500239999998,17095.650391,9819.400391,2553.649902,2397.449951,620.599976,1391.400024,3779.6999509999996,1697.699951,3144.550049,3729.899902,1351.349976,961.2999880000001
73,2021-04-22,4688.700195,1480.849976,1906.4000239999998,16790.449219,9853.849609,2511.25,2349.399902,640.75,1422.5,3755.25,1736.050049,3118.800049,3752.0,1351.099976,961.900024
74,2021-04-23,4667.799805,1461.449951,1904.3499760000002,16625.699219,9916.650391,2517.949951,2307.75,635.400024,1414.150024,3779.75,1734.199951,3109.5,3650.3000490000004,1333.800049,955.650024
75,2021-04-26,4736.549805,1479.849976,1937.8499760000002,16870.599609,10001.75,2557.899902,2360.649902,655.799988,1404.800049,3784.350098,1759.6500239999998,3100.800049,3539.1999509999996,1343.550049,928.7999880000001
76,2021-04-27,4865.049805,1495.099976,1988.6500239999998,16779.0,10091.349609,2574.350098,2379.850098,665.900024,1438.699951,3908.9499509999996,1750.300049,3132.0,3541.1999509999996,1348.5,928.849976
77,2021-04-28,5280.899902,1508.849976,1997.300049,16633.800781,10489.299805,2614.550049,2406.550049,662.650024,1476.800049,3882.600098,1811.449951,3124.100098,3478.75,1356.0,923.7999880000001
78,2021-04-29,5484.850098,1506.800049,2024.050049,16502.550781,11176.549805,2613.449951,2407.600098,726.5,1472.5,3910.850098,1805.0,3115.25,3468.899902,1356.349976,909.5499880000001
79,2021-04-30,5451.899902,1491.650024,1994.5,16309.25,11041.650391,2536.399902,2353.75,717.849976,1412.300049,4062.350098,1748.800049,3035.649902,3449.0,1354.349976,898.9500119999999
80,2021-05-03,5551.149902,1423.949951,1959.050049,16506.75,11041.700195,2582.149902,2408.0,723.25,1414.449951,4074.0,1725.449951,3037.0,3439.25,1352.050049,907.7000119999999
81,2021-05-04,5615.75,1402.900024,1916.5999760000002,16546.599609,10986.450195,2587.149902,2407.649902,715.400024,1388.349976,3985.350098,1732.6500239999998,3049.75,3435.850098,1329.400024,900.9500119999999
82,2021-05-05,5515.149902,1428.400024,1920.0999760000002,16549.25,11114.450195,2567.649902,2394.649902,717.700012,1402.599976,4035.4499509999996,1770.75,3095.699951,3451.600098,1341.5,909.400024
83,2021-05-06,5528.799805,1444.400024,1931.0,16717.599609,11027.950195,2549.050049,2390.0,729.799988,1400.900024,4063.0500490000004,1788.25,3111.449951,3452.0500490000004,1361.599976,916.0
84,2021-05-07,5493.799805,1446.5,1931.75,16761.349609,11318.450195,2551.649902,2411.199951,756.950012,1414.75,4029.100098,1780.3499760000002,3132.899902,3461.25,1352.550049,916.400024
85,2021-05-10,5497.5,1455.150024,1926.199951,16787.300781,11332.0,2556.949951,2432.899902,758.650024,1419.849976,4139.299805,1809.3499760000002,3145.5,3413.8000490000004,1339.550049,913.9500119999999
86,2021-05-11,5424.700195,1435.25,1933.1500239999998,16870.099609,11193.049805,2556.25,2402.100098,734.25,1403.550049,4073.600098,1755.449951,3122.600098,3418.399902,1330.650024,907.2999880000001
87,2021-05-12,5358.399902,1454.949951,1913.1500239999998,16717.900391,11087.950195,2556.199951,2328.949951,707.900024,1399.5,4061.4499509999996,1718.8499760000002,3087.600098,3439.5500490000004,1327.0,906.099976
88,2021-05-14,5330.350098,1455.849976,1937.300049,17224.150391,10971.5,2774.5,2376.850098,707.099976,1386.849976,4020.5500490000004,1706.6500239999998,3051.5,3501.4499509999996,1316.400024,910.349976
89,2021-05-17,5430.100098,1468.300049,1960.3499760000002,17037.949219,11249.349609,2782.75,2376.25,714.400024,1440.25,4043.25,1744.1500239999998,3069.75,3507.25,1329.400024,922.150024
90,2021-05-18,5688.75,1539.25,1987.949951,17180.599609,11396.799805,2821.800049,2374.25,717.450012,1476.699951,4023.9499509999996,1755.0999760000002,3088.800049,3525.4499509999996,1340.0,931.599976
91,2021-05-19,5631.200195,1521.150024,1997.050049,17449.349609,11215.150391,2815.850098,2359.75,705.849976,1458.199951,4039.649902,1730.550049,3082.0,3534.399902,1337.0,931.400024
92,2021-05-20,5588.75,1531.349976,1985.4000239999998,17285.349609,11227.900391,2794.100098,2344.149902,694.5,1432.800049,4040.8000490000004,1708.199951,3060.0,3422.5500490000004,1339.300049,924.400024
93,2021-05-21,5631.75,1538.349976,2002.550049,17497.099609,11265.150391,2832.5,2362.25,698.200012,1497.300049,4079.899902,1757.6500239999998,3080.5,3435.75,1354.5,930.650024
94,2021-05-24,5602.899902,1520.75,1985.6500239999998,17360.300781,11166.799805,2819.199951,2336.550049,681.450012,1509.949951,4097.200195,1757.0,3081.5,3379.100098,1348.050049,932.7999880000001
95,2021-05-25,5618.649902,1569.150024,1963.1500239999998,17516.099609,11375.849609,2914.399902,2344.050049,700.799988,1478.949951,4097.850098,1750.5,3114.0,3439.5,1361.599976,940.599976
96,2021-05-26,5771.149902,1582.949951,1970.050049,17541.300781,11906.400391,2941.600098,2354.0,682.200012,1477.050049,4098.600098,1740.6500239999998,3158.5,3416.0,1397.25,945.7999880000001
97,2021-05-27,5682.200195,1594.25,1976.0999760000002,17746.699219,11888.799805,2949.350098,2326.399902,681.849976,1482.650024,4079.1999509999996,1777.25,3180.0,3414.649902,1402.25,942.400024
98,2021-05-28,5610.75,1577.0,2094.800049,17509.400391,11713.200195,2940.699951,2321.699951,689.799988,1503.449951,4120.25,1800.75,3143.600098,3423.4499509999996,1405.050049,942.5499880000001
99,2021-05-31,5627.950195,1596.25,2160.300049,17695.550781,11806.299805,2977.5,2340.050049,710.900024,1515.849976,4194.0,1807.699951,3159.149902,3447.850098,1393.75,945.2000119999999
100,2021-06-01,5784.799805,1591.400024,2168.899902,17758.5,11829.900391,2931.0,2358.300049,694.5,1511.699951,4220.100098,1797.0,3153.0,3446.75,1387.199951,950.7000119999999
101,2021-06-02,5808.649902,1585.699951,2201.25,17653.5,11823.599609,2903.699951,2358.800049,706.049988,1504.0,4214.25,1783.0999760000002,3129.449951,3475.25,1378.650024,943.75
102,2021-06-03,5901.5,1691.199951,2209.649902,17799.400391,11819.849609,2935.350098,2363.25,714.099976,1520.550049,4232.200195,1814.199951,3141.25,3496.25,1389.650024,939.4500119999999
103,2021-06-04,5993.450195,1679.5,2190.5,17426.800781,12155.650391,2924.899902,2342.050049,721.200012,1500.949951,4261.600098,1811.199951,3143.75,3489.3000490000004,1385.650024,936.5499880000001
104,2021-06-07,5729.75,1685.0999760000002,2227.399902,17532.550781,11828.549805,2933.100098,2339.300049,715.75,1499.849976,4229.950195,1814.9000239999998,3183.199951,3542.600098,1389.650024,949.599976
105,2021-06-08,5755.399902,1712.5,2214.600098,17482.599609,11733.099609,2926.25,2359.0,707.5,1483.050049,4241.200195,1793.550049,3200.149902,3601.75,1412.949951,967.2000119999999
106,2021-06-09,5674.5,1730.75,2175.0,17557.150391,11558.849609,2943.550049,2356.0,697.849976,1480.300049,4267.450195,1782.9000239999998,3200.25,3574.6999509999996,1415.300049,971.2999880000001
107,2021-06-10,6086.399902,1738.6500239999998,2183.0,17556.099609,11993.099609,2950.600098,2378.800049,705.799988,1481.050049,4372.549805,1799.550049,3216.800049,3576.3000490000004,1424.300049,968.5499880000001
108,2021-06-11,6120.0,1728.449951,2213.149902,17536.400391,11907.5,2956.25,2366.5,731.200012,1486.349976,4334.5,1794.3499760000002,3273.800049,3557.899902,1446.900024,983.349976
109,2021-06-14,6194.149902,1734.800049,2244.899902,17577.5,11926.150391,2949.899902,2364.600098,729.150024,1479.449951,4388.049805,1768.050049,3276.350098,3591.25,1461.800049,984.2000119999999
110,2021-06-15,6161.149902,1723.4000239999998,2250.0,17684.800781,11798.700195,3042.199951,2391.949951,725.099976,1490.25,4313.049805,1770.9000239999998,3262.75,3631.850098,1473.900024,985.4500119999999
111,2021-06-16,6081.600098,1714.949951,2211.600098,17965.199219,11856.150391,3018.699951,2407.899902,705.400024,1484.599976,4300.700195,1760.5999760000002,3274.350098,3639.4499509999996,1480.599976,979.400024
112,2021-06-17,6050.25,1711.4000239999998,2215.649902,18059.050781,11818.549805,3060.300049,2417.699951,696.349976,1466.099976,4302.350098,1766.050049,3317.75,3658.149902,1495.300049,986.400024
113,2021-06-18,6087.049805,1711.300049,2225.649902,17670.650391,11999.349609,3047.199951,2482.899902,670.599976,1479.800049,4197.299805,1760.449951,3297.300049,3619.1999509999996,1503.300049,975.25
114,2021-06-21,6116.0,1742.8499760000002,2237.25,17649.150391,12156.400391,3068.550049,2514.350098,672.950012,1488.699951,4229.100098,1772.050049,3273.100098,3648.850098,1500.300049,982.0
115,2021-06-22,6016.799805,1757.0,2225.75,17436.550781,12131.650391,3010.800049,2490.25,675.25,1483.800049,4288.75,1757.0999760000002,3301.199951,3650.899902,1511.849976,980.099976
116,2021-06-23,6015.600098,1782.550049,2205.350098,17414.800781,12282.25,2987.350098,2480.5,665.5,1485.5,4224.600098,1736.699951,3261.399902,3659.3000490000004,1503.150024,972.900024
117,2021-06-24,6043.600098,1780.8499760000002,2153.5,17619.75,12333.25,3043.25,2490.149902,679.0,1506.25,4250.350098,1737.9000239999998,3373.600098,3689.100098,1559.199951,989.7000119999999
118,2021-06-25,6075.799805,1753.8499760000002,2104.449951,17506.699219,12486.599609,3003.899902,2448.649902,689.5,1515.099976,4248.75,1735.0,3380.8000490000004,3670.0500490000004,1574.199951,995.650024
119,2021-06-28,6037.049805,1728.050049,2086.0,17506.150391,12377.900391,2982.949951,2460.199951,695.349976,1508.349976,4314.399902,1733.050049,3336.75,3667.25,1571.800049,985.2999880000001
120,2021-06-29,6052.399902,1731.5999760000002,2087.800049,17599.25,12299.900391,3001.5,2492.550049,685.900024,1502.050049,4356.149902,1705.8499760000002,3340.850098,3657.149902,1563.050049,983.599976
121,2021-06-30,6015.850098,1732.5,2110.649902,17633.0,12109.049805,2992.699951,2471.300049,683.900024,1497.900024,4408.25,1705.8499760000002,3345.75,3649.649902,1580.800049,983.5
